# T [GK], best_fit, best_fit-2*sigma, best_fit-sigma, best_fit+sigma, best_fit+2*sigma
1.000000000000000021e-02 9.429560000000000000e+07 6.731919999999997020e+07 8.080739999999998510e+07 1.092649351544763595e+08 1.242342703089527190e+08
5.000000000000000278e-02 7.013340000000000000e+07 4.904720000000001490e+07 5.959030000000000745e+07 8.216118968930746615e+07 9.418897937861493230e+07
1.000000000000000056e-01 6.660630000000000000e+07 4.577109999999997020e+07 5.618869999999998510e+07 7.857599531347730756e+07 9.054569062695461512e+07
1.499999999999999944e-01 6.614810000000000000e+07 4.468849999999995530e+07 5.541829999999997765e+07 7.856732736945937574e+07 9.098655473891875148e+07
2.000000000000000111e-01 6.612340000000000000e+07 4.397480000000000000e+07 5.504910000000000000e+07 7.904313958126065135e+07 9.196287916252130270e+07
2.500000000000000000e-01 6.597100000000000000e+07 4.325740000000000000e+07 5.461420000000000000e+07 7.932290826274080575e+07 9.267481652548161149e+07
2.999999999999999889e-01 6.554370000000000000e+07 4.244550000000001490e+07 5.399460000000000745e+07 7.921858069300714135e+07 9.289346138601428270e+07
4.000000000000000222e-01 6.399360000000000000e+07 4.060339999999995530e+07 5.229849999999997765e+07 7.801130790193426609e+07 9.202901580386853218e+07
5.000000000000000000e-01 6.199100000000000000e+07 3.871259999999995530e+07 5.035179999999997765e+07 7.608004205929936469e+07 9.016908411859872937e+07
5.999999999999999778e-01 5.993050000000000000e+07 3.695410000000001490e+07 4.844230000000000745e+07 7.395030401635979116e+07 8.797010803271958232e+07
6.999999999999999556e-01 5.798660000000000000e+07 3.538619999999998510e+07 4.668639999999999255e+07 7.187119642561407387e+07 8.575579285122814775e+07
8.000000000000000444e-01 5.621440000000000000e+07 3.400899999999997020e+07 4.511169999999998510e+07 6.993636990459078550e+07 8.365833980918157101e+07
9.000000000000000222e-01 5.461730000000000000e+07 3.280089999999997020e+07 4.370909999999998510e+07 6.816782440769381821e+07 8.171834881538763642e+07
1.000000000000000000e+00 5.317850000000000000e+07 3.173549999999998510e+07 4.245699999999999255e+07 6.655760639131943136e+07 7.993671278263886273e+07
1.500000000000000000e+00 4.756100000000000000e+07 2.776140000000000000e+07 3.766120000000000000e+07 6.013095508390592039e+07 7.270091016781184077e+07
2.000000000000000000e+00 4.293040000000000000e+07 2.471459999999998510e+07 3.382249999999999255e+07 5.456016426913145185e+07 6.618992853826290369e+07
2.500000000000000000e+00 3.797930000000000000e+07 2.164709999999999255e+07 2.981319999999999627e+07 4.853042590967219323e+07 5.908155181934438646e+07
3.000000000000000000e+00 3.223430000000000000e+07 1.822529999999999255e+07 2.522979999999999627e+07 4.139127217335123569e+07 5.054824434670247138e+07
3.500000000000000000e+00 2.579300000000000000e+07 1.448120000000001490e+07 2.013710000000000745e+07 3.327885504710587487e+07 4.076471009421174973e+07
4.000000000000000000e+00 1.926080000000000000e+07 1.060277031464070827e+07 1.493178515732035413e+07 2.497334620921890810e+07 3.068589241843781620e+07
5.000000000000000000e+00 9.141780000000000000e+06 4.916205079800488427e+06 7.028992539900244214e+06 1.198146809556766227e+07 1.482115619113532454e+07
6.000000000000000000e+00 4.183530000000000000e+06 2.192803659756628796e+06 3.188166829878314398e+06 5.549099563038554043e+06 6.914669126077108085e+06
7.000000000000000000e+00 2.119550000000000000e+06 1.082857038939069957e+06 1.601203519469534978e+06 2.847486044998252764e+06 3.575422089996505529e+06
8.000000000000000000e+00 1.212080000000000000e+06 6.065376512138219550e+05 9.093088256069109775e+05 1.647217874128883705e+06 2.082355748257767409e+06
9.000000000000000000e+00 7.603700000000000000e+05 3.766287067086144816e+05 5.684993533543072408e+05 1.042011980557311443e+06 1.323653961114622885e+06
1.000000000000000000e+01 5.044040000000000000e+05 2.508237769697472686e+05 3.776138884848736343e+05 6.939463697473967914e+05 8.834887394947935827e+05
