0.0
490.94
765.41
1095.47
1110 10
1114.33
1185.8
1351.6
1471.28
1584.28
1610 10
1700.7
1712.2
1840.37
1920.19
1937.48
1947.44
1955.06
1990.5
1994.5
2003.48
2051.1
2055.1
2093.41
2102.3
2110.2
2124.30
2140.37
2150.4
2150.55
2160.0
2194.3
2202.1
2221.54
2256.3
2274.68
2304.0
2304.1
2317.5
2324.7
2345.66
2351.80
2358.5
2372.57
2378.0
2379.1
2406.3
2423
2447.3
2455.85
2470.0
2482.7
2485.5
2500.70
2513.9
2529.67
2549
2553.7
2586.79
2630.6
2638.5
2663.7
2678.1
2695.7
2747
2762.18
2785.3
2790
2805.21
2834.3
2846.6
2863.7
2866
2867.2
2881.1
3164
3194.3
3255.6
3670.6
3868.2
4007.0
4254.8
4736.1
5101.5
5354.3
