# T9[GK]  Na<sig v> for (n,g) (n,p) (n,a) [mol-1 cm3 s-1]
  0.001  0.17372E+09  0.88187E-21  0.88187E-21
  0.005  0.12801E+09  0.20703E-20  0.20703E-20
  0.010  0.10812E+09  0.27884E-20  0.27884E-20
  0.050  0.81189E+08  0.81476E-20  0.61685E-20
  0.100  0.77628E+08  0.93196E-16  0.84323E-20
  0.150  0.77606E+08  0.38712E-14  0.77942E-19
  0.200  0.78025E+08  0.42026E-13  0.87259E-18
  0.250  0.78229E+08  0.30956E-12  0.38759E-17
  0.300  0.78051E+08  0.19425E-11  0.10834E-16
  0.400  0.76731E+08  0.54292E-10  0.49875E-16
  0.500  0.74735E+08  0.96039E-09  0.18955E-15
  0.600  0.72575E+08  0.11096E-07  0.67853E-15
  0.700  0.70488E+08  0.89115E-07  0.24126E-14
  0.800  0.68557E+08  0.53966E-06  0.91508E-14
  0.900  0.66790E+08  0.26304E-05  0.37805E-13
  1.000  0.65148E+08  0.10755E-04  0.15857E-12
  1.500  0.54574E+08  0.18491E-02  0.65469E-10
  2.000  0.31174E+08  0.34502E-01  0.52038E-08
  2.500  0.12948E+08  0.17608E+00  0.15392E-06
  3.000  0.56748E+07  0.53235E+00  0.26449E-05
  3.500  0.28908E+07  0.13202E+01  0.30266E-04
  4.000  0.16761E+07  0.30565E+01  0.25439E-03
  5.000  0.73246E+06  0.15878E+02  0.10389E-01
  6.000  0.39347E+06  0.72701E+02  0.26212E+00
  7.000  0.23579E+06  0.25479E+03  0.37957E+01
  8.000  0.15065E+06  0.67966E+03  0.31497E+02
  9.000  0.10084E+06  0.14456E+04  0.16407E+03
 10.000  0.70320E+05  0.25703E+04  0.59115E+03
