#Extracted gamma-ray strength function for Sb-127, based on OCL data from 124Sn(alpha,p gamma)127Sb, Francesco Pogliano (2022)
# Energy [MeV], 		best_fit, 		best_fit-2*sigma, 	best_fit-sigma, 		best_fit+sigma, 	best_fit+2*sigma
1.270700000000000163e+00 1.285830899999999930e-08 6.735306599999997240e-09 9.796807799999998269e-09 1.591981099999999893e-08 1.898131300000000021e-08
1.426899999999999835e+00 1.575146599999999955e-08 8.250768000000001053e-09 1.200111700000000030e-08 1.950181499999999879e-08 2.325216399999999804e-08
1.583099999999999952e+00 1.505717700000000060e-08 7.887093000000002927e-09 1.147213500000000176e-08 1.864221999999999976e-08 2.222726299999999891e-08
1.739300000000000068e+00 1.365768300000000047e-08 7.154025000000000429e-09 1.040585400000000045e-08 1.690951400000000113e-08 2.016134500000000179e-08
1.895500000000000185e+00 1.141169199999999931e-08 5.977553600000003941e-09 8.694622800000001625e-09 1.412876200000000221e-08 1.684583200000000346e-08
2.051700000000000301e+00 1.399021699999999956e-08 7.328209000000003268e-09 1.065921300000000142e-08 1.732122200000000134e-08 2.065222700000000146e-08
2.207899999999999974e+00 1.387350100000000044e-08 7.267072999999993316e-09 1.057028699999999688e-08 1.717671700000000133e-08 2.047993300000000387e-08
2.364100000000000090e+00 1.095142600000000006e-08 5.736460600000000460e-09 8.343943300000000261e-09 1.355890800000000130e-08 1.616639000000000253e-08
2.520300000000000207e+00 1.209621600000000061e-08 6.336113400000001034e-09 9.216164700000000824e-09 1.497626700000000031e-08 1.785631800000000000e-08
2.676499999999999879e+00 1.159295000000000059e-08 6.072497800000002886e-09 8.832723900000001736e-09 1.435317599999999775e-08 1.711340199999999491e-08
2.832699999999999996e+00 1.022238199999999982e-08 5.354581799999996367e-09 7.788481899999998095e-09 1.265628199999999987e-08 1.509018199999999991e-08
2.988900000000000112e+00 1.193296699999999945e-08 6.250601400000001175e-09 9.091784200000000315e-09 1.477415000000000031e-08 1.761533299999999952e-08
3.145100000000000229e+00 1.444210600000000025e-08 7.564911999999998661e-09 1.100350899999999946e-08 1.788070300000000105e-08 2.131930000000000350e-08
3.301300000000000345e+00 1.197142100000000032e-08 6.270745799999998746e-09 9.121083399999999535e-09 1.482175999999999990e-08 1.767209899999999948e-08
3.457500000000000462e+00 1.381873099999999981e-08 7.238384999999995369e-09 1.052855799999999759e-08 1.710890600000000101e-08 2.039908100000000222e-08
3.613699999999999690e+00 1.501051399999999848e-08 7.862651999999993954e-09 1.143658299999999622e-08 1.858444599999999941e-08 2.215837800000000034e-08
3.769899999999999807e+00 1.870085399999999962e-08 9.795686000000002976e-09 1.424827000000000130e-08 2.315343799999999960e-08 2.760602199999999957e-08
3.926099999999999923e+00 1.912796900000000099e-08 1.001941499999999853e-08 1.457369199999999976e-08 2.368224900000000318e-08 2.823652900000000536e-08
4.082300000000000040e+00 2.016476199999999915e-08 1.056249599999999156e-08 1.536362899999999536e-08 2.509562823920578929e-08 3.002649447841157943e-08
4.238500000000000156e+00 1.818337100000000057e-08 9.524625000000003802e-09 1.385399800000000219e-08 2.269291381923531994e-08 2.720245663847063930e-08
4.394700000000000273e+00 2.005567099999999875e-08 1.050535099999999982e-08 1.528051099999999928e-08 2.509944946468789587e-08 3.014322792937579630e-08
4.550900000000000389e+00 2.245633900000000157e-08 1.176284500000000768e-08 1.710959200000000462e-08 2.818231795573199614e-08 3.390829691146399402e-08
4.707100000000000506e+00 2.858219299999999943e-08 1.497162500000000950e-08 2.177690900000000446e-08 3.597032918056649948e-08 4.335846536113300283e-08
4.863300000000000622e+00 3.036695900000000004e-08 1.590650499999998921e-08 2.313673199999999463e-08 3.832314010598462371e-08 4.627932121196924738e-08
5.019499999999999851e+00 3.884156999999999991e-08 2.034558400000000868e-08 2.959357700000000429e-08 4.915500604641858443e-08 5.946844209283716896e-08
5.175699999999999967e+00 4.375485900000000176e-08 2.291921700000001453e-08 3.333703800000000815e-08 5.552751264291026506e-08 6.730016628582052836e-08
5.331900000000000084e+00 5.344082199999999808e-08 2.799281199999997110e-08 4.071681699999998459e-08 6.800887231785768564e-08 8.257692263571537319e-08
5.488100000000000200e+00 6.796555900000000295e-08 3.560101100000002894e-08 5.178328500000001595e-08 8.673466935885293865e-08 1.055037797177058743e-07
5.644300000000000317e+00 8.772150299999999339e-08 4.594936299999997679e-08 6.683543299999998509e-08 1.122589349654072956e-07 1.367963669308145977e-07
5.800500000000000433e+00 1.045791599999999977e-07 5.477957400000003445e-08 7.967936700000001606e-08 1.342057104460072475e-07 1.638322608920144973e-07
5.956700000000000550e+00 1.211498200000000051e-07 6.345944200000005421e-08 9.230463100000002964e-08 1.559048414359212953e-07 1.906598628718425856e-07
6.112899999999999778e+00 1.244148399999999947e-07 6.516968600000007253e-08 9.479226300000003360e-08 1.605534413890025347e-07 1.966920427780050747e-07
6.269099999999999895e+00 1.392997000000000069e-07 7.296651999999997356e-08 1.061331099999999902e-07 1.802639789350222318e-07 2.212282578700444568e-07
6.425300000000000011e+00 1.398926600000000048e-07 7.327712000000001341e-08 1.065848900000000091e-07 1.815368149022933303e-07 2.231809698045866557e-07
6.581500000000000128e+00 1.507840800000000077e-07 7.898214000000009635e-08 1.148831100000000520e-07 1.962166394404707150e-07 2.416491988809414222e-07
6.737700000000000244e+00 1.476811900000000116e-07 7.735680999999991539e-08 1.125189999999999635e-07 1.927156455952572205e-07 2.377501011905144293e-07
6.893900000000000361e+00 1.470957899999999884e-07 7.705019000000009869e-08 1.120729900000000436e-07 1.924877390521800642e-07 2.378796881043601399e-07
7.050100000000000477e+00 1.649666199999999954e-07 8.641111999999997736e-08 1.256888699999999864e-07 2.164760765324953853e-07 2.679855330649907751e-07
7.206300000000000594e+00 1.534659500000000098e-07 8.038693000000010717e-08 1.169264400000000585e-07 2.019467473727243386e-07 2.504275447454486410e-07
7.362500000000000711e+00 1.827420599999999888e-07 9.395733133189610453e-08 1.383496956659480467e-07 2.411430689607514740e-07 2.995440779215029856e-07
7.518700000000000827e+00 1.969657899999999976e-07 1.005729572147462642e-07 1.487693736073731309e-07 2.606379870976018993e-07 3.243101841952038276e-07
7.674900000000000944e+00 2.017517299999999923e-07 1.023044161865818114e-07 1.520280730932909018e-07 2.677165779967264216e-07 3.336814259934528510e-07
7.831100000000001060e+00 1.476128900000000110e-07 7.433153430355488703e-08 1.109722121517774490e-07 1.964236256197201171e-07 2.452343612394402497e-07
7.987299999999999400e+00 1.708339599999999935e-07 8.542410984303498763e-08 1.281290349215174906e-07 2.279577068836165131e-07 2.850814537672330062e-07
8.143499999999999517e+00 1.218453599999999991e-07 6.050062585156688614e-08 9.117299292578344263e-08 1.630422429766773115e-07 2.042391259533546240e-07
8.299699999999999633e+00 1.819853300000000040e-07 8.972548436596924033e-08 1.358554071829846222e-07 2.441959828013917011e-07 3.064066356027833983e-07
8.455899999999999750e+00 7.738869099999999646e-08 3.788533039076176654e-08 5.763701069538088150e-08 1.041336484739130066e-07 1.308786059478260166e-07
