# kT [keV], best_fit, best_fit-2*sigma, best_fit-sigma, best_fit+sigma, best_fit+2*sigma
1.000000000000000021e-02 3.842460000000000036e+03 2.743200000000000728e+03 3.292830000000000382e+03 4.310869999999999891e+03 4.779279999999999745e+03
5.000000000000000278e-02 1.278079999999999927e+03 8.938200000000001637e+02 1.085950000000000045e+03 1.445710000000000036e+03 1.613340000000000146e+03
1.000000000000000056e-01 8.582880000000000109e+02 5.898059999999998126e+02 7.240469999999999118e+02 9.761069999999999709e+02 1.093925999999999931e+03
1.499999999999999944e-01 6.959679999999999609e+02 4.701860000000002628e+02 5.830770000000001119e+02 7.956539999999999964e+02 8.953400000000000318e+02
2.000000000000000111e-01 6.025009999999999764e+02 4.006870000000001255e+02 5.015940000000000509e+02 6.921860000000000355e+02 7.818710000000000946e+02
2.500000000000000000e-01 5.376520000000000437e+02 3.525399999999999636e+02 4.450960000000000036e+02 6.204370000000000118e+02 7.032219999999999800e+02
2.999999999999999889e-01 4.876270000000000095e+02 3.157829999999998449e+02 4.017049999999999272e+02 5.649270000000000209e+02 6.422270000000000891e+02
4.000000000000000222e-01 4.123100000000000023e+02 2.616080000000000041e+02 3.369590000000000032e+02 4.807719999999999914e+02 5.492339999999999236e+02
5.000000000000000000e-01 3.572409999999999854e+02 2.230929999999998472e+02 2.901669999999999163e+02 4.186620000000000346e+02 4.800830000000000837e+02
5.999999999999999778e-01 3.152749999999999773e+02 1.944029999999999632e+02 2.548389999999999702e+02 3.709689999999999941e+02 4.266630000000000109e+02
6.999999999999999556e-01 2.824200000000000159e+02 1.723480000000001269e+02 2.273840000000000714e+02 3.334030000000000200e+02 3.843860000000000241e+02
8.000000000000000444e-01 2.561059999999999945e+02 1.549420000000000641e+02 2.055240000000000293e+02 3.031669999999999732e+02 3.502279999999999518e+02
9.000000000000000222e-01 2.345989999999999895e+02 1.408909999999999627e+02 1.877449999999999761e+02 2.783519999999999754e+02 3.221049999999999613e+02
1.000000000000000000e+00 2.166970000000000027e+02 1.293190000000001305e+02 1.730080000000000666e+02 2.576250000000000000e+02 2.985529999999999973e+02
1.500000000000000000e+00 1.582419999999999902e+02 9.236600000000009913e+01 1.253040000000000447e+02 1.894439999999999884e+02 2.206459999999999866e+02
2.000000000000000000e+00 1.236989999999999981e+02 7.121319999999998629e+01 9.745609999999999218e+01 1.487319999999999993e+02 1.737649999999999864e+02
2.500000000000000000e+00 9.788020000000000209e+01 5.578880000000000905e+01 7.683450000000000557e+01 1.180579999999999927e+02 1.382357999999999834e+02
3.000000000000000000e+00 7.583599999999999852e+01 4.287740000000002283e+01 5.935670000000001068e+01 9.170240000000001146e+01 1.075688000000000244e+02
3.500000000000000000e+00 5.618059999999999832e+01 3.154180000000000916e+01 4.386120000000000374e+01 6.808629999999999427e+01 7.999199999999999022e+01
4.000000000000000000e+00 3.924300000000000210e+01 2.185520816901500041e+01 3.054910408450750126e+01 4.765729999999999222e+01 5.607159999999998234e+01
5.000000000000000000e+00 1.665960000000000107e+01 9.067130249854514545e+00 1.286336512492725781e+01 2.038976762828333733e+01 2.411993525656667359e+01
6.000000000000000000e+00 6.959609999999999630e+00 3.693271490251497369e+00 5.326440745125748499e+00 8.576414400007141836e+00 1.019321880001428404e+01
7.000000000000000000e+00 3.264470000000000205e+00 1.689118071641702024e+00 2.476794035820851114e+00 4.050708921457085943e+00 4.836947842914171680e+00
8.000000000000000000e+00 1.746240000000000014e+00 8.851903944097705423e-01 1.315715197204885278e+00 2.179101628092890319e+00 2.611963256185780402e+00
9.000000000000000000e+00 1.032810000000000006e+00 5.181878819360554722e-01 7.754989409680277390e-01 1.292940302803423425e+00 1.553070605606846843e+00
1.000000000000000000e+01 6.499740000000000517e-01 3.272588034658256984e-01 4.886164017329128750e-01 8.136275135493558075e-01 9.772810270987115633e-01
