# TkB (keV), bestfit, lower, upper
8.617333262145000505e-01 3.842460000000000036e+03 3.707239999999999782e+03 4.201989999999999782e+03
4.308666631072500586e+00 1.278079999999999927e+03 1.229450000000000045e+03 1.405980000000000018e+03
8.617333262145001171e+00 8.582880000000000109e+02 8.206340000000000146e+02 9.446299999999999955e+02
1.292599989321749909e+01 6.959679999999999609e+02 6.606380000000000337e+02 7.653799999999999955e+02
1.723466652429000234e+01 6.025009999999999764e+02 5.681359999999999673e+02 6.622259999999999991e+02
2.154333315536250026e+01 5.376520000000000437e+02 5.041070000000000277e+02 5.908590000000000373e+02
2.585199978643499819e+01 4.876270000000000095e+02 4.550129999999999768e+02 5.359610000000000127e+02
3.446933304858000469e+01 4.123100000000000023e+02 3.818450000000000273e+02 4.535269999999999868e+02
4.308666631072500053e+01 3.572409999999999854e+02 3.289780000000000086e+02 3.933670000000000186e+02
5.170399957286999637e+01 3.152749999999999773e+02 2.890380000000000109e+02 3.475590000000000259e+02
6.032133283501499932e+01 2.824200000000000159e+02 2.579680000000000177e+02 3.117080000000000268e+02
6.893866609716000937e+01 2.561059999999999945e+02 2.332050000000000125e+02 2.830000000000000000e+02
7.755599935930500521e+01 2.345989999999999895e+02 2.130449999999999875e+02 2.595400000000000205e+02
8.617333262145000106e+01 2.166970000000000027e+02 1.963160000000000025e+02 2.400149999999999864e+02
1.292599989321749945e+02 1.582419999999999902e+02 1.420180000000000007e+02 1.762729999999999961e+02
1.723466652429000021e+02 1.236989999999999981e+02 1.101989999999999981e+02 1.385689999999999884e+02
2.154333315536250097e+02 9.788020000000000209e+01 8.661939999999999884e+01 1.102669999999999959e+02
2.585199978643499890e+02 7.583599999999999852e+01 6.668210000000000548e+01 8.593449999999999989e+01
3.016066641750750250e+02 5.618059999999999832e+01 4.907889999999999731e+01 6.405979999999999563e+01
3.446933304858000042e+02 3.924300000000000210e+01 3.404719999999999658e+01 4.505080000000000240e+01
4.308666631072500195e+02 1.665960000000000107e+01 1.422189999999999976e+01 1.943009999999999948e+01
5.170399957286999779e+02 6.959609999999999630e+00 5.813950000000000173e+00 8.281079999999999330e+00
6.032133283501500500e+02 3.264470000000000205e+00 2.649869999999999948e+00 3.982219999999999871e+00
6.893866609716000085e+02 1.746240000000000014e+00 1.369169999999999998e+00 2.192379999999999995e+00
7.755599935930499669e+02 1.032810000000000006e+00 7.800869999999999749e-01 1.336340000000000083e+00
8.617333262145000390e+02 6.499740000000000517e-01 4.732879999999999865e-01 8.654269999999999463e-01
