# T [GK], best_fit, best_fit-2*sigma, best_fit-sigma, best_fit+sigma, best_fit+2*sigma
1.000000000000000021e-02 9.427830000000000000e+07 6.729869999999997020e+07 8.078849999999998510e+07 1.091884096318832338e+08 1.240985192637664676e+08
5.000000000000000278e-02 7.012180000000000000e+07 4.903659999999998510e+07 5.957919999999999255e+07 8.209857429500630498e+07 9.407534859001260996e+07
1.000000000000000056e-01 6.660230000000000000e+07 4.577550000000001490e+07 5.618890000000000745e+07 7.851592055617514253e+07 9.042954111235028505e+07
1.499999999999999944e-01 6.614500000000000000e+07 4.469499999999995530e+07 5.541999999999997765e+07 7.850423492794117332e+07 9.086346985588234663e+07
2.000000000000000111e-01 6.611760000000000000e+07 4.397599999999997020e+07 5.504679999999998510e+07 7.897496958058434725e+07 9.183233916116869450e+07
2.500000000000000000e-01 6.596190000000000000e+07 4.325290000000001490e+07 5.460740000000000745e+07 7.925003128957410157e+07 9.253816257914820313e+07
2.999999999999999889e-01 6.553170000000000000e+07 4.243589999999998510e+07 5.398379999999999255e+07 7.914190138811558485e+07 9.275210277623116970e+07
4.000000000000000222e-01 6.397810000000000000e+07 4.058689999999998510e+07 5.228249999999999255e+07 7.792998219248397648e+07 9.188186438496795297e+07
5.000000000000000000e-01 6.197380000000000000e+07 3.869240000000000000e+07 5.033310000000000000e+07 7.599685363149870932e+07 9.001990726299741864e+07
5.999999999999999778e-01 5.991270000000000000e+07 3.693169999999997020e+07 4.842219999999998510e+07 7.386673819286850095e+07 8.782077638573700190e+07
6.999999999999999556e-01 5.796850000000000000e+07 3.536270000000002980e+07 4.666560000000001490e+07 7.178797692165324092e+07 8.560745384330648184e+07
8.000000000000000444e-01 5.619630000000000000e+07 3.398490000000002980e+07 4.509060000000001490e+07 6.985372145929616690e+07 8.351114291859233379e+07
9.000000000000000222e-01 5.459930000000000000e+07 3.277649999999997020e+07 4.368789999999998510e+07 6.808605959533165395e+07 8.157281919066330791e+07
1.000000000000000000e+00 5.316060000000000000e+07 3.171080000000001490e+07 4.243570000000000745e+07 6.647668283076436818e+07 7.979276566152873635e+07
1.500000000000000000e+00 4.754370000000000000e+07 2.773649999999997020e+07 3.764009999999998510e+07 6.005465538217444718e+07 7.256561076434889436e+07
2.000000000000000000e+00 4.291380000000000000e+07 2.469059999999998510e+07 3.380219999999999255e+07 5.457635654929157346e+07 6.623891309858314693e+07
2.500000000000000000e+00 3.796380000000000000e+07 2.162480000000001490e+07 2.979430000000000745e+07 4.854005898969745636e+07 5.911631797939491272e+07
3.000000000000000000e+00 3.222040000000000000e+07 1.820540000000000000e+07 2.521290000000000000e+07 4.139890475861664116e+07 5.057740951723328233e+07
3.500000000000000000e+00 2.578130000000000000e+07 1.446430000000001490e+07 2.012280000000000745e+07 3.328453994280096143e+07 4.078777988560192287e+07
4.000000000000000000e+00 1.925150000000000000e+07 1.057195791448513418e+07 1.491172895724256709e+07 2.497705399719027430e+07 3.070260799438054860e+07
5.000000000000000000e+00 9.136560000000000000e+06 4.900187285414950922e+06 7.018373642707475461e+06 1.198243600350825302e+07 1.482831200701650605e+07
6.000000000000000000e+00 4.180500000000000000e+06 2.184290821455312893e+06 3.182395410727656446e+06 5.549885872258992866e+06 6.919271744517985731e+06
7.000000000000000000e+00 2.117470000000000000e+06 1.077475550491960719e+06 1.597472775245980360e+06 2.847210080640855245e+06 3.576950161281710491e+06
8.000000000000000000e+00 1.210410000000000000e+06 6.025087893387950025e+05 9.064593946693975013e+05 1.646546033262137324e+06 2.082682066524274647e+06
9.000000000000000000e+00 7.589200000000000000e+05 3.733097414081438910e+05 5.661148707040719455e+05 1.041190762023585266e+06 1.323461524047170533e+06
1.000000000000000000e+01 5.031360000000000000e+05 2.480246635034034261e+05 3.755803317517017131e+05 6.930157872876772890e+05 8.828955745753545780e+05
