# T (GK), bestfit, lower, upper
1.000000000000000021e-02 9.429560000000000000e+07 9.097720000000000000e+07 1.031190000000000000e+08
5.000000000000000278e-02 7.013340000000000000e+07 6.746500000000000000e+07 7.715180000000000000e+07
1.000000000000000056e-01 6.660630000000000000e+07 6.368420000000000000e+07 7.330670000000000000e+07
1.499999999999999944e-01 6.614810000000000000e+07 6.279010000000000000e+07 7.274530000000000000e+07
2.000000000000000111e-01 6.612340000000000000e+07 6.235190000000000000e+07 7.267820000000000000e+07
2.500000000000000000e-01 6.597100000000000000e+07 6.185500000000000000e+07 7.249970000000000000e+07
2.999999999999999889e-01 6.554370000000000000e+07 6.115990000000000000e+07 7.204030000000000000e+07
4.000000000000000222e-01 6.399360000000000000e+07 5.926520000000000000e+07 7.039070000000000000e+07
5.000000000000000000e-01 6.199100000000000000e+07 5.708650000000000000e+07 6.825990000000000000e+07
5.999999999999999778e-01 5.993050000000000000e+07 5.494300000000000000e+07 6.606720000000000000e+07
6.999999999999999556e-01 5.798660000000000000e+07 5.296600000000000000e+07 6.399980000000000000e+07
8.000000000000000444e-01 5.621440000000000000e+07 5.118770000000000000e+07 6.211740000000000000e+07
9.000000000000000222e-01 5.461730000000000000e+07 4.959920000000000000e+07 6.042370000000000000e+07
1.000000000000000000e+00 5.317850000000000000e+07 4.817680000000000000e+07 5.890070000000000000e+07
1.500000000000000000e+00 4.756100000000000000e+07 4.268460000000000000e+07 5.298030000000000000e+07
2.000000000000000000e+00 4.293040000000000000e+07 3.824490000000000000e+07 4.809080000000000000e+07
2.500000000000000000e+00 3.797930000000000000e+07 3.360990000000000000e+07 4.278550000000000000e+07
3.000000000000000000e+00 3.223430000000000000e+07 2.834340000000000000e+07 3.652670000000000000e+07
3.500000000000000000e+00 2.579300000000000000e+07 2.253260000000000000e+07 2.941050000000000000e+07
4.000000000000000000e+00 1.926080000000000000e+07 1.671070000000000000e+07 2.211130000000000000e+07
5.000000000000000000e+00 9.141780000000000000e+06 7.804150000000000000e+06 1.066210000000000000e+07
6.000000000000000000e+00 4.183530000000000000e+06 3.494860000000000000e+06 4.977890000000000000e+06
7.000000000000000000e+00 2.119550000000000000e+06 1.720500000000000000e+06 2.585570000000000000e+06
8.000000000000000000e+00 1.212080000000000000e+06 9.503500000000000000e+05 1.521750000000000000e+06
9.000000000000000000e+00 7.603700000000000000e+05 5.743100000000000000e+05 9.838340000000000000e+05
1.000000000000000000e+01 5.044040000000000000e+05 3.672890000000000000e+05 6.716030000000000000e+05
